5.656854249492379778e-05
5.268311118453078342e-05
4.915614438310071893e-05
4.607004427599170447e-05
4.351870346207947353e-05
4.160062793874581567e-05
4.040610178208842602e-05
3.999999999999999650e-05
4.040610178208842602e-05
4.160062793874581567e-05
4.351870346207947353e-05
4.607004427599170447e-05
4.915614438310071893e-05
5.268311118453077664e-05
5.656854249492379778e-05
5.268311118453078342e-05
4.848732213850611529e-05
4.462999814803802085e-05
4.120630029101701942e-05
3.833259389999639320e-05
3.614031611621004790e-05
3.475864303027553304e-05
3.428571428571428368e-05
3.475864303027553304e-05
3.614031611621004790e-05
3.833259389999639320e-05
4.120630029101701264e-05
4.462999814803802085e-05
4.848732213850610851e-05
5.268311118453078342e-05
4.915614438310071893e-05
4.462999814803802085e-05
4.040610178208843279e-05
3.658928135675913740e-05
3.331972511340171344e-05
3.077237032648288126e-05
2.913725436338734335e-05
2.857142857142857086e-05
2.913725436338734335e-05
3.077237032648288126e-05
3.331972511340171344e-05
3.658928135675913062e-05
4.040610178208843279e-05
4.462999814803802085e-05
4.915614438310071893e-05
4.607004427599170447e-05
4.120630029101701942e-05
3.658928135675913740e-05
3.232488142567074352e-05
2.857142857142856747e-05
2.555506259999759547e-05
2.356060357495805762e-05
2.285714285714285466e-05
2.356060357495805762e-05
2.555506259999759547e-05
2.857142857142856747e-05
3.232488142567073675e-05
3.658928135675913740e-05
4.120630029101701264e-05
4.607004427599170447e-05
4.351870346207947353e-05
3.833259389999639320e-05
3.331972511340171344e-05
2.857142857142856747e-05
2.424366106925305764e-05
2.060315014550850971e-05
1.807015805810502395e-05
1.714285714285714184e-05
1.807015805810502395e-05
2.060315014550850632e-05
2.424366106925305425e-05
2.857142857142856409e-05
3.331972511340171344e-05
3.833259389999638643e-05
4.351870346207947353e-05
4.160062793874581567e-05
3.614031611621004790e-05
3.077237032648288126e-05
2.555506259999759547e-05
2.060315014550850971e-05
1.616244071283537515e-05
1.277753129999879604e-05
1.142857142857142902e-05
1.277753129999879604e-05
1.616244071283537176e-05
2.060315014550850632e-05
2.555506259999759208e-05
3.077237032648288126e-05
3.614031611621004112e-05
4.160062793874581567e-05
4.040610178208842602e-05
3.475864303027553304e-05
2.913725436338734335e-05
2.356060357495805762e-05
1.807015805810502395e-05
1.277753129999879604e-05
8.081220356417684187e-06
5.714285714285712817e-06
8.081220356417684187e-06
1.277753129999879604e-05
1.807015805810502056e-05
2.356060357495805423e-05
2.913725436338734335e-05
3.475864303027552626e-05
4.040610178208842602e-05
3.999999999999999650e-05
3.428571428571428368e-05
2.857142857142857086e-05
2.285714285714285466e-05
1.714285714285714184e-05
1.142857142857142902e-05
5.714285714285712817e-06
0.000000000000000000e+00
5.714285714285712817e-06
1.142857142857142563e-05
1.714285714285713845e-05
2.285714285714285127e-05
2.857142857142857086e-05
3.428571428571427690e-05
3.999999999999999650e-05
4.040610178208842602e-05
3.475864303027553304e-05
2.913725436338734335e-05
2.356060357495805762e-05
1.807015805810502395e-05
1.277753129999879604e-05
8.081220356417684187e-06
5.714285714285712817e-06
8.081220356417684187e-06
1.277753129999879604e-05
1.807015805810502056e-05
2.356060357495805423e-05
2.913725436338734335e-05
3.475864303027552626e-05
4.040610178208842602e-05
4.160062793874581567e-05
3.614031611621004790e-05
3.077237032648288126e-05
2.555506259999759547e-05
2.060315014550850632e-05
1.616244071283537176e-05
1.277753129999879604e-05
1.142857142857142563e-05
1.277753129999879604e-05
1.616244071283536837e-05
2.060315014550850632e-05
2.555506259999759208e-05
3.077237032648288126e-05
3.614031611621004112e-05
4.160062793874581567e-05
4.351870346207947353e-05
3.833259389999639320e-05
3.331972511340171344e-05
2.857142857142856747e-05
2.424366106925305425e-05
2.060315014550850632e-05
1.807015805810502056e-05
1.714285714285713845e-05
1.807015805810502056e-05
2.060315014550850632e-05
2.424366106925305425e-05
2.857142857142856409e-05
3.331972511340171344e-05
3.833259389999638643e-05
4.351870346207947353e-05
4.607004427599170447e-05
4.120630029101701264e-05
3.658928135675913062e-05
3.232488142567073675e-05
2.857142857142856409e-05
2.555506259999759208e-05
2.356060357495805423e-05
2.285714285714285127e-05
2.356060357495805423e-05
2.555506259999759208e-05
2.857142857142856409e-05
3.232488142567073675e-05
3.658928135675913062e-05
4.120630029101701264e-05
4.607004427599170447e-05
4.915614438310071893e-05
4.462999814803802085e-05
4.040610178208843279e-05
3.658928135675913740e-05
3.331972511340171344e-05
3.077237032648288126e-05
2.913725436338734335e-05
2.857142857142857086e-05
2.913725436338734335e-05
3.077237032648288126e-05
3.331972511340171344e-05
3.658928135675913062e-05
4.040610178208843279e-05
4.462999814803802085e-05
4.915614438310071893e-05
5.268311118453077664e-05
4.848732213850610851e-05
4.462999814803802085e-05
4.120630029101701264e-05
3.833259389999638643e-05
3.614031611621004112e-05
3.475864303027552626e-05
3.428571428571427690e-05
3.475864303027552626e-05
3.614031611621004112e-05
3.833259389999638643e-05
4.120630029101701264e-05
4.462999814803802085e-05
4.848732213850610851e-05
5.268311118453077664e-05
5.656854249492379778e-05
5.268311118453078342e-05
4.915614438310071893e-05
4.607004427599170447e-05
4.351870346207947353e-05
4.160062793874581567e-05
4.040610178208842602e-05
3.999999999999999650e-05
4.040610178208842602e-05
4.160062793874581567e-05
4.351870346207947353e-05
4.607004427599170447e-05
4.915614438310071893e-05
5.268311118453077664e-05
5.656854249492379778e-05
