-6.250000000000000000e-01
-6.372186259860986857e-01
-6.512842283556267153e-01
-6.673753297307161159e-01
-6.855594707954216771e-01
-7.057072336085475905e-01
-7.274163823495668479e-01
2.500000000000000000e-01
2.274163823495667924e-01
2.057072336085476738e-01
1.855594707954217049e-01
1.673753297307161159e-01
1.512842283556267153e-01
1.372186259860987412e-01
1.250000000000000000e-01
-6.127813740139013143e-01
-6.250000000000000000e-01
-6.394289691881522852e-01
-6.564164790945007377e-01
-6.762081911747833685e-01
-6.987918088252166315e-01
-7.237157716443733957e-01
2.500000000000000000e-01
2.237157716443733402e-01
1.987918088252166315e-01
1.762081911747834240e-01
1.564164790945006267e-01
1.394289691881522852e-01
1.250000000000000000e-01
1.127813740139013143e-01
-5.987157716443732847e-01
-6.105710308118478258e-01
-6.250000000000000000e-01
-6.426116437386386604e-01
-6.639895651886846828e-01
-6.894405292045783229e-01
-7.185835209054994843e-01
2.500000000000000000e-01
2.185835209054994566e-01
1.894405292045782951e-01
1.639895651886846828e-01
1.426116437386386604e-01
1.250000000000000000e-01
1.105710308118477980e-01
9.871577164437327079e-02
-5.826246702692839952e-01
-5.935835209054993733e-01
-6.073883562613614506e-01
-6.250000000000000000e-01
-6.475836176504332631e-01
-6.762081911747833685e-01
-7.110104348113154282e-01
2.500000000000000000e-01
2.110104348113154005e-01
1.762081911747833685e-01
1.475836176504332908e-01
1.250000000000000000e-01
1.073883562613613951e-01
9.358352090549945657e-02
8.262467026928396741e-02
-5.644405292045783229e-01
-5.737918088252166315e-01
-5.860104348113153172e-01
-6.024163823495667369e-01
-6.250000000000000000e-01
-6.564164790945007377e-01
-6.987918088252166315e-01
2.500000000000000000e-01
1.987918088252166315e-01
1.564164790945006267e-01
1.250000000000000000e-01
1.024163823495667786e-01
8.601043481131533108e-02
7.379180882521664542e-02
6.444052920457833677e-02
-5.442927663914524095e-01
-5.512081911747833685e-01
-5.605594707954216771e-01
-5.737918088252166315e-01
-5.935835209054994843e-01
-6.250000000000000000e-01
-6.762081911747834795e-01
2.500000000000000000e-01
1.762081911747834240e-01
1.250000000000000833e-01
9.358352090549945657e-02
7.379180882521664542e-02
6.055947079542170486e-02
5.120819117478338928e-02
4.429276639145238864e-02
-5.225836176504332631e-01
-5.262842283556267153e-01
-5.314164790945005157e-01
-5.389895651886846828e-01
-5.512081911747833685e-01
-5.737918088252166315e-01
-6.250000000000000000e-01
2.500000000000000000e-01
1.250000000000000000e-01
7.379180882521664542e-02
5.120819117478338928e-02
3.898956518868467586e-02
3.141647909450057813e-02
2.628422835562672574e-02
2.258361765043329084e-02
-5.000000000000000000e-01
-5.000000000000000000e-01
-5.000000000000000000e-01
-5.000000000000000000e-01
-5.000000000000000000e-01
-5.000000000000000000e-01
-5.000000000000000000e-01
-2.500000000000000000e-01
0.000000000000000000e+00
0.000000000000000000e+00
0.000000000000000000e+00
0.000000000000000000e+00
0.000000000000000000e+00
0.000000000000000000e+00
0.000000000000000000e+00
-4.774163823495667369e-01
-4.737157716443732847e-01
-4.685835209054994843e-01
-4.610104348113153172e-01
-4.487918088252166315e-01
-4.262081911747833685e-01
-3.750000000000000000e-01
-2.500000000000000000e-01
-1.250000000000000000e-01
-7.379180882521664542e-02
-5.120819117478335458e-02
-3.898956518868464116e-02
-3.141647909450057813e-02
-2.628422835562669105e-02
-2.258361765043325614e-02
-4.557072336085475905e-01
-4.487918088252166315e-01
-4.394405292045783229e-01
-4.262081911747833685e-01
-4.064164790945006267e-01
-3.750000000000000000e-01
-3.237918088252166315e-01
-2.500000000000000000e-01
-1.762081911747833685e-01
-1.250000000000000000e-01
-9.358352090549940105e-02
-7.379180882521664542e-02
-6.055947079542167016e-02
-5.120819117478335458e-02
-4.429276639145235395e-02
-4.355594707954216771e-01
-4.262081911747833685e-01
-4.139895651886846828e-01
-3.975836176504332631e-01
-3.750000000000000000e-01
-3.435835209054994843e-01
-3.012081911747833685e-01
-2.500000000000000000e-01
-1.987918088252166315e-01
-1.564164790945005989e-01
-1.250000000000000000e-01
-1.024163823495667230e-01
-8.601043481131533108e-02
-7.379180882521664542e-02
-6.444052920457829514e-02
-4.173753297307161159e-01
-4.064164790945006267e-01
-3.926116437386386604e-01
-3.750000000000000000e-01
-3.524163823495667369e-01
-3.237918088252166315e-01
-2.889895651886846828e-01
-2.500000000000000000e-01
-2.110104348113153172e-01
-1.762081911747833685e-01
-1.475836176504332631e-01
-1.250000000000000000e-01
-1.073883562613613396e-01
-9.358352090549940105e-02
-8.262467026928393965e-02
-4.012842283556267153e-01
-3.894289691881522852e-01
-3.750000000000000000e-01
-3.573883562613613396e-01
-3.360104348113153172e-01
-3.105594707954216771e-01
-2.814164790945005712e-01
-2.500000000000000000e-01
-2.185835209054994288e-01
-1.894405292045782951e-01
-1.639895651886846828e-01
-1.426116437386386604e-01
-1.250000000000000000e-01
-1.105710308118477703e-01
-9.871577164437328467e-02
-3.872186259860986857e-01
-3.750000000000000000e-01
-3.605710308118477703e-01
-3.435835209054994843e-01
-3.237918088252166315e-01
-3.012081911747833685e-01
-2.762842283556267153e-01
-2.500000000000000000e-01
-2.237157716443732847e-01
-1.987918088252166315e-01
-1.762081911747833685e-01
-1.564164790945005989e-01
-1.394289691881522020e-01
-1.250000000000000000e-01
-1.127813740139012866e-01
-3.750000000000000000e-01
-3.627813740139013143e-01
-3.487157716443732847e-01
-3.326246702692839952e-01
-3.144405292045783229e-01
-2.942927663914524095e-01
-2.725836176504332631e-01
-2.500000000000000000e-01
-2.274163823495667092e-01
-2.057072336085476183e-01
-1.855594707954217049e-01
-1.673753297307160326e-01
-1.512842283556267153e-01
-1.372186259860987134e-01
-1.250000000000000000e-01
