537230.941696845 1744856654.3867707
537124.0093911514 1744856743.3247771
537135.4997127205 1744856833.8517356
537071.1812476814 1744856922.843332
537034.5619906709 1744857012.873847
537024.269421123 1744857130.9397266
537012.8332915381 1744857220.404561
537020.111455895 1744857311.5501897
536991.4238504693 1744857400.5786662
536869.8530467525 1744857491.1774957
536976.6437768638 1744857610.1459243
536998.5564190745 1744857703.2152467
536876.1904514655 1744857793.2060368
536934.7415003031 1744857882.0982962
536961.4202234447 1744857972.028573
536978.2792366743 1744858093.5945814
536879.0129794702 1744858184.110762
536874.8631427959 1744858272.5008564
536999.0519857705 1744858361.9019706
536904.2204930112 1744858451.8499372
