4.342700000000000000e+04
4.387300000000000000e+04
4.367200000000000000e+04
4.326000000000000000e+04
4.328700000000000000e+04
4.410500000000000000e+04
4.369200000000000000e+04
4.335100000000000000e+04
4.337200000000000000e+04
4.430800000000000000e+04
4.369700000000000000e+04
4.319000000000000000e+04
4.323600000000000000e+04
4.419600000000000000e+04
4.368700000000000000e+04
4.340000000000000000e+04
4.326900000000000000e+04
4.484300000000000000e+04
4.390900000000000000e+04
4.323600000000000000e+04
4.315600000000000000e+04
4.542700000000000000e+04
4.406700000000000000e+04
4.325100000000000000e+04
4.331600000000000000e+04
4.749700000000000000e+04
4.435900000000000000e+04
4.329100000000000000e+04
4.334300000000000000e+04
5.472500000000000000e+04
4.449000000000000000e+04
4.320400000000000000e+04
4.315300000000000000e+04
6.353200000000000000e+04
4.416800000000000000e+04
4.314300000000000000e+04
4.326100000000000000e+04
6.159500000000000000e+04
4.422200000000000000e+04
4.325300000000000000e+04
4.330300000000000000e+04
4.956900000000000000e+04
4.390200000000000000e+04
4.315200000000000000e+04
4.319800000000000000e+04
4.466100000000000000e+04
4.392700000000000000e+04
4.328900000000000000e+04
4.332300000000000000e+04
4.378900000000000000e+04
4.356800000000000000e+04
4.315900000000000000e+04
4.331100000000000000e+04
4.354500000000000000e+04
4.355100000000000000e+04
4.322500000000000000e+04
4.313900000000000000e+04
4.346700000000000000e+04
4.347500000000000000e+04
4.315100000000000000e+04
4.330700000000000000e+04
4.343000000000000000e+04
4.349000000000000000e+04
4.326000000000000000e+04
4.328200000000000000e+04
4.335800000000000000e+04
4.337400000000000000e+04
4.326100000000000000e+04
4.334400000000000000e+04
4.338600000000000000e+04
4.336500000000000000e+04
4.328200000000000000e+04
4.322800000000000000e+04
4.323800000000000000e+04
4.332300000000000000e+04
4.322100000000000000e+04
4.322000000000000000e+04
4.336000000000000000e+04
4.337400000000000000e+04
4.323300000000000000e+04
4.324700000000000000e+04
4.340600000000000000e+04
4.329000000000000000e+04
4.316100000000000000e+04
4.318600000000000000e+04
4.329100000000000000e+04
4.326500000000000000e+04
4.325700000000000000e+04
4.320500000000000000e+04
4.333300000000000000e+04
4.328400000000000000e+04
4.319200000000000000e+04
4.329700000000000000e+04
4.332600000000000000e+04
4.329900000000000000e+04
4.311600000000000000e+04
4.324900000000000000e+04
4.330200000000000000e+04
4.339000000000000000e+04
4.327000000000000000e+04
4.327500000000000000e+04
4.327500000000000000e+04
4.329200000000000000e+04
4.317500000000000000e+04
4.314200000000000000e+04
4.326800000000000000e+04
4.327400000000000000e+04
4.324400000000000000e+04
4.316100000000000000e+04
4.325700000000000000e+04
4.316300000000000000e+04
4.319100000000000000e+04
4.325600000000000000e+04
4.325400000000000000e+04
4.329700000000000000e+04
4.323300000000000000e+04
4.323300000000000000e+04
4.331600000000000000e+04
4.327200000000000000e+04
4.309200000000000000e+04
4.323100000000000000e+04
4.330500000000000000e+04
4.326300000000000000e+04
4.323200000000000000e+04
4.330700000000000000e+04
4.319200000000000000e+04
4.324900000000000000e+04
4.320300000000000000e+04
4.323400000000000000e+04
4.336600000000000000e+04
4.319500000000000000e+04
4.319500000000000000e+04
4.319100000000000000e+04
4.326700000000000000e+04
4.330800000000000000e+04
4.330900000000000000e+04
4.326900000000000000e+04
4.334900000000000000e+04
4.329500000000000000e+04
4.330200000000000000e+04
4.320200000000000000e+04
4.333300000000000000e+04
4.328000000000000000e+04
4.320800000000000000e+04
4.323600000000000000e+04
4.335700000000000000e+04
4.323900000000000000e+04
4.316100000000000000e+04
4.325700000000000000e+04
4.320800000000000000e+04
4.332600000000000000e+04
4.328100000000000000e+04
4.323900000000000000e+04
4.331600000000000000e+04
4.318600000000000000e+04
4.327000000000000000e+04
4.322800000000000000e+04
4.322600000000000000e+04
4.334000000000000000e+04
4.318400000000000000e+04
4.326900000000000000e+04
4.322700000000000000e+04
4.329500000000000000e+04
4.319800000000000000e+04
4.315400000000000000e+04
4.331500000000000000e+04
4.323000000000000000e+04
4.317400000000000000e+04
4.327300000000000000e+04
4.329300000000000000e+04
4.324200000000000000e+04
4.323400000000000000e+04
4.335300000000000000e+04
4.324900000000000000e+04
4.329400000000000000e+04
4.318500000000000000e+04
4.321100000000000000e+04
4.334400000000000000e+04
4.327000000000000000e+04
4.330700000000000000e+04
4.322600000000000000e+04
4.332700000000000000e+04
4.347400000000000000e+04
4.317600000000000000e+04
4.330600000000000000e+04
4.321300000000000000e+04
4.337000000000000000e+04
4.323000000000000000e+04
4.322100000000000000e+04
4.330300000000000000e+04
4.317100000000000000e+04
4.321300000000000000e+04
4.334700000000000000e+04
4.328900000000000000e+04
4.334500000000000000e+04
4.323100000000000000e+04
4.318700000000000000e+04
4.328100000000000000e+04
4.332100000000000000e+04
4.321000000000000000e+04
