-6.250000000000000000e-01
-6.333688541782871440e-01
-6.426116437386386604e-01
-6.527999438928925313e-01
-6.639895651886846828e-01
-6.762081911747833685e-01
-6.894405292045783229e-01
-7.036132104611289018e-01
-7.185835209054994843e-01
-7.341372412847232409e-01
2.500000000000000000e-01
2.341372412847232409e-01
2.185835209054994566e-01
2.036132104611288740e-01
1.894405292045782951e-01
1.762081911747833685e-01
1.639895651886846828e-01
1.527999438928926146e-01
1.426116437386386604e-01
1.333688541782870884e-01
1.250000000000000000e-01
-6.166311458217129671e-01
-6.250000000000000000e-01
-6.343512796206383086e-01
-6.447917120802828528e-01
-6.564164790945007377e-01
-6.692927663914524095e-01
-6.834375306261717409e-01
-6.987918088252166315e-01
-7.151977563634680513e-01
-7.323883562613614506e-01
2.500000000000000000e-01
2.323883562613613951e-01
2.151977563634680235e-01
1.987918088252166315e-01
1.834375306261717131e-01
1.692927663914523817e-01
1.564164790945006267e-01
1.447917120802828250e-01
1.343512796206383364e-01
1.250000000000000000e-01
1.166311458217129809e-01
-6.073883562613614506e-01
-6.156487203793616914e-01
-6.250000000000000000e-01
-6.355946523174732521e-01
-6.475836176504332631e-01
-6.610961577553237101e-01
-6.762081911747833685e-01
-6.928998743900459667e-01
-7.110104348113153172e-01
-7.302082879197171472e-01
2.500000000000000000e-01
2.302082879197172582e-01
2.110104348113154005e-01
1.928998743900459945e-01
1.762081911747833685e-01
1.610961577553236268e-01
1.475836176504332908e-01
1.355946523174731966e-01
1.250000000000000000e-01
1.156487203793616497e-01
1.073883562613613951e-01
-5.972000561071074687e-01
-6.052082879197172582e-01
-6.144053476825267479e-01
-6.250000000000000000e-01
-6.372186259860986857e-01
-6.512842283556267153e-01
-6.673753297307161159e-01
-6.855594707954216771e-01
-7.057072336085475905e-01
-7.274163823495667369e-01
2.500000000000000000e-01
2.274163823495667924e-01
2.057072336085476738e-01
1.855594707954217881e-01
1.673753297307160326e-01
1.512842283556267153e-01
1.372186259860987412e-01
1.250000000000000000e-01
1.144053476825268034e-01
1.052082879197172582e-01
9.720005610710744093e-02
-5.860104348113153172e-01
-5.935835209054993733e-01
-6.024163823495667369e-01
-6.127813740139013143e-01
-6.250000000000000000e-01
-6.394289691881522852e-01
-6.564164790945007377e-01
-6.762081911747833685e-01
-6.987918088252166315e-01
-7.237157716443732847e-01
2.500000000000000000e-01
2.237157716443733402e-01
1.987918088252166315e-01
1.762081911747834240e-01
1.564164790945006267e-01
1.394289691881522852e-01
1.250000000000000000e-01
1.127813740139013143e-01
1.024163823495667786e-01
9.358352090549938718e-02
8.601043481131533108e-02
-5.737918088252166315e-01
-5.807072336085475905e-01
-5.889038422446764010e-01
-5.987157716443732847e-01
-6.105710308118478258e-01
-6.250000000000000000e-01
-6.426116437386386604e-01
-6.639895651886846828e-01
-6.894405292045783229e-01
-7.185835209054994843e-01
2.500000000000000000e-01
2.185835209054994566e-01
1.894405292045783784e-01
1.639895651886846828e-01
1.426116437386386604e-01
1.250000000000000000e-01
1.105710308118477980e-01
9.871577164437334018e-02
8.890384224467638707e-02
8.070723360854760442e-02
7.379180882521664542e-02
-5.605594707954216771e-01
-5.665624693738282591e-01
-5.737918088252166315e-01
-5.826246702692839952e-01
-5.935835209054994843e-01
-6.073883562613614506e-01
-6.250000000000000000e-01
-6.475836176504332631e-01
-6.762081911747833685e-01
-7.110104348113153172e-01
2.500000000000000000e-01
2.110104348113154005e-01
1.762081911747834240e-01
1.475836176504333741e-01
1.250000000000000000e-01
1.073883562613613951e-01
9.358352090549945657e-02
8.262467026928396741e-02
7.379180882521664542e-02
6.656246937382830076e-02
6.055947079542170486e-02
-5.463867895388712093e-01
-5.512081911747833685e-01
-5.571001256099540333e-01
-5.644405292045783229e-01
-5.737918088252166315e-01
-5.860104348113153172e-01
-6.024163823495667369e-01
-6.250000000000000000e-01
-6.564164790945007377e-01
-6.987918088252166315e-01
2.500000000000000000e-01
1.987918088252166315e-01
1.564164790945006267e-01
1.250000000000000833e-01
1.024163823495667092e-01
8.601043481131533108e-02
7.379180882521664542e-02
6.444052920457833677e-02
5.710012560995410269e-02
5.120819117478335458e-02
4.638678953887119538e-02
-5.314164790945006267e-01
-5.348022436365319487e-01
-5.389895651886846828e-01
-5.442927663914524095e-01
-5.512081911747833685e-01
-5.605594707954216771e-01
-5.737918088252166315e-01
-5.935835209054994843e-01
-6.250000000000000000e-01
-6.762081911747833685e-01
2.500000000000000000e-01
1.762081911747834240e-01
1.250000000000000833e-01
9.358352090549945657e-02
7.379180882521664542e-02
6.055947079542170486e-02
5.120819117478338928e-02
4.429276639145238864e-02
3.898956518868467586e-02
3.480224363653200426e-02
3.141647909450061282e-02
-5.158627587152767591e-01
-5.176116437386386604e-01
-5.197917120802828528e-01
-5.225836176504332631e-01
-5.262842283556267153e-01
-5.314164790945006267e-01
-5.389895651886846828e-01
-5.512081911747834795e-01
-5.737918088252167426e-01
-6.250000000000000000e-01
2.500000000000000000e-01
1.250000000000000833e-01
7.379180882521671481e-02
5.120819117478342397e-02
3.898956518868471055e-02
3.141647909450061282e-02
2.628422835562676391e-02
2.258361765043329084e-02
1.979171208028281115e-02
1.761164373863867427e-02
1.586275871527679376e-02
-5.000000000000000000e-01
-5.000000000000000000e-01
-5.000000000000000000e-01
-5.000000000000000000e-01
-5.000000000000000000e-01
-5.000000000000000000e-01
-5.000000000000000000e-01
-5.000000000000000000e-01
-5.000000000000000000e-01
-5.000000000000000000e-01
-2.500000000000000000e-01
0.000000000000000000e+00
0.000000000000000000e+00
0.000000000000000000e+00
0.000000000000000000e+00
0.000000000000000000e+00
0.000000000000000000e+00
0.000000000000000000e+00
0.000000000000000000e+00
0.000000000000000000e+00
0.000000000000000000e+00
-4.841372412847232409e-01
-4.823883562613613951e-01
-4.802082879197172582e-01
-4.774163823495667369e-01
-4.737157716443732847e-01
-4.685835209054994843e-01
-4.610104348113153172e-01
-4.487918088252166315e-01
-4.262081911747833685e-01
-3.750000000000000555e-01
-2.500000000000000000e-01
-1.250000000000000000e-01
-7.379180882521664542e-02
-5.120819117478335458e-02
-3.898956518868464116e-02
-3.141647909450057813e-02
-2.628422835562669105e-02
-2.258361765043325614e-02
-1.979171208028274176e-02
-1.761164373863860141e-02
-1.586275871527675907e-02
-4.685835209054994843e-01
-4.651977563634680513e-01
-4.610104348113153172e-01
-4.557072336085475905e-01
-4.487918088252166315e-01
-4.394405292045783229e-01
-4.262081911747833685e-01
-4.064164790945006267e-01
-3.750000000000000555e-01
-3.237918088252167426e-01
-2.500000000000000000e-01
-1.762081911747833685e-01
-1.250000000000000000e-01
-9.358352090549940105e-02
-7.379180882521660378e-02
-6.055947079542167016e-02
-5.120819117478335458e-02
-4.429276639145235395e-02
-3.898956518868464116e-02
-3.480224363653193487e-02
-3.141647909450057813e-02
-4.536132104611289018e-01
-4.487918088252166315e-01
-4.428998743900459112e-01
-4.355594707954216771e-01
-4.262081911747833685e-01
-4.139895651886846828e-01
-3.975836176504332631e-01
-3.750000000000000000e-01
-3.435835209054994843e-01
-3.012081911747834240e-01
-2.500000000000000000e-01
-1.987918088252166315e-01
-1.564164790945005989e-01
-1.250000000000000000e-01
-1.024163823495666675e-01
-8.601043481131528945e-02
-7.379180882521660378e-02
-6.444052920457826739e-02
-5.710012560995402636e-02
-5.120819117478331989e-02
-4.638678953887115375e-02
-4.394405292045783229e-01
-4.334375306261716854e-01
-4.262081911747833685e-01
-4.173753297307160048e-01
-4.064164790945005157e-01
-3.926116437386386604e-01
-3.750000000000000000e-01
-3.524163823495667369e-01
-3.237918088252166315e-01
-2.889895651886846828e-01
-2.500000000000000000e-01
-2.110104348113153727e-01
-1.762081911747833962e-01
-1.475836176504333186e-01
-1.250000000000000000e-01
-1.073883562613613674e-01
-9.358352090549942881e-02
-8.262467026928396741e-02
-7.379180882521664542e-02
-6.656246937382830076e-02
-6.055947079542170486e-02
-4.262081911747833685e-01
-4.192927663914524095e-01
-4.110961577553235990e-01
-4.012842283556267153e-01
-3.894289691881522852e-01
-3.750000000000000000e-01
-3.573883562613613951e-01
-3.360104348113153172e-01
-3.105594707954216771e-01
-2.814164790945006267e-01
-2.500000000000000000e-01
-2.185835209054994288e-01
-1.894405292045783229e-01
-1.639895651886846828e-01
-1.426116437386386326e-01
-1.250000000000000000e-01
-1.105710308118477564e-01
-9.871577164437328467e-02
-8.890384224467638707e-02
-8.070723360854760442e-02
-7.379180882521664542e-02
-4.139895651886846828e-01
-4.064164790945006267e-01
-3.975836176504332631e-01
-3.872186259860986857e-01
-3.750000000000000000e-01
-3.605710308118477703e-01
-3.435835209054994843e-01
-3.237918088252166315e-01
-3.012081911747833685e-01
-2.762842283556267153e-01
-2.500000000000000000e-01
-2.237157716443733124e-01
-1.987918088252166315e-01
-1.762081911747833962e-01
-1.564164790945005712e-01
-1.394289691881522297e-01
-1.250000000000000000e-01
-1.127813740139013005e-01
-1.024163823495667230e-01
-9.358352090549938718e-02
-8.601043481131533108e-02
-4.027999438928926423e-01
-3.947917120802827973e-01
-3.855946523174731966e-01
-3.750000000000000000e-01
-3.627813740139013143e-01
-3.487157716443732847e-01
-3.326246702692839952e-01
-3.144405292045783229e-01
-2.942927663914524095e-01
-2.725836176504332631e-01
-2.500000000000000000e-01
-2.274163823495667369e-01
-2.057072336085476461e-01
-1.855594707954217049e-01
-1.673753297307160326e-01
-1.512842283556267153e-01
-1.372186259860986857e-01
-1.250000000000000000e-01
-1.144053476825267895e-01
-1.052082879197172027e-01
-9.720005610710737154e-02
-3.926116437386386604e-01
-3.843512796206383642e-01
-3.750000000000000000e-01
-3.644053476825268034e-01
-3.524163823495667369e-01
-3.389038422446764010e-01
-3.237918088252166315e-01
-3.071001256099540888e-01
-2.889895651886846828e-01
-2.697917120802827973e-01
-2.500000000000000000e-01
-2.302082879197172305e-01
-2.110104348113153727e-01
-1.928998743900459389e-01
-1.762081911747833685e-01
-1.610961577553236268e-01
-1.475836176504332631e-01
-1.355946523174731966e-01
-1.250000000000000000e-01
-1.156487203793616358e-01
-1.073883562613613396e-01
-3.833688541782870329e-01
-3.750000000000000000e-01
-3.656487203793616358e-01
-3.552082879197172027e-01
-3.435835209054993733e-01
-3.307072336085475905e-01
-3.165624693738283146e-01
-3.012081911747833685e-01
-2.848022436365319487e-01
-2.676116437386386604e-01
-2.500000000000000000e-01
-2.323883562613613674e-01
-2.151977563634680235e-01
-1.987918088252166315e-01
-1.834375306261717131e-01
-1.692927663914523817e-01
-1.564164790945005989e-01
-1.447917120802827695e-01
-1.343512796206383364e-01
-1.250000000000000000e-01
-1.166311458217129393e-01
-3.750000000000000000e-01
-3.666311458217129671e-01
-3.573883562613613396e-01
-3.472000561071074687e-01
-3.360104348113153172e-01
-3.237918088252166315e-01
-3.105594707954216771e-01
-2.963867895388712093e-01
-2.814164790945006267e-01
-2.658627587152768146e-01
-2.500000000000000000e-01
-2.341372412847232132e-01
-2.185835209054994288e-01
-2.036132104611288463e-01
-1.894405292045782951e-01
-1.762081911747833685e-01
-1.639895651886846828e-01
-1.527999438928926146e-01
-1.426116437386386326e-01
-1.333688541782870329e-01
-1.250000000000000000e-01
