4.242640687119284833e-05
4.036087214122113293e-05
3.841874542459709291e-05
3.661966684720110505e-05
3.498571136907179403e-05
3.354101966249684659e-05
3.231098884280702194e-05
3.132091952673165196e-05
3.059411708155670848e-05
3.014962686336266633e-05
2.999999999999999737e-05
3.014962686336266633e-05
3.059411708155670848e-05
3.132091952673164519e-05
3.231098884280702194e-05
3.354101966249684659e-05
3.498571136907179403e-05
3.661966684720110505e-05
3.841874542459708614e-05
4.036087214122113293e-05
4.242640687119284833e-05
4.036087214122113293e-05
3.818376618407356689e-05
3.612478373637688519e-05
3.420526275297413839e-05
3.244996147917590575e-05
3.088689042296099957e-05
2.954657340538831392e-05
2.846049894151541441e-05
2.765863337187866519e-05
2.716615541441224954e-05
2.699999999999999899e-05
2.716615541441224954e-05
2.765863337187866519e-05
2.846049894151540764e-05
2.954657340538831392e-05
3.088689042296099957e-05
3.244996147917590575e-05
3.420526275297413839e-05
3.612478373637688519e-05
3.818376618407356689e-05
4.036087214122113293e-05
3.841874542459709291e-05
3.612478373637688519e-05
3.394112549695427867e-05
3.189043743820394703e-05
2.999999999999999737e-05
2.830194339616980671e-05
2.683281572999747592e-05
2.563201123595258910e-05
2.473863375370596016e-05
2.418677324489564603e-05
2.399999999999999722e-05
2.418677324489564603e-05
2.473863375370596016e-05
2.563201123595258910e-05
2.683281572999747592e-05
2.830194339616980671e-05
2.999999999999999737e-05
3.189043743820394025e-05
3.394112549695427189e-05
3.612478373637688519e-05
3.841874542459709291e-05
3.661966684720110505e-05
3.420526275297413839e-05
3.189043743820394703e-05
2.969848480983499722e-05
2.765863337187865842e-05
2.580697580112787846e-05
2.418677324489564603e-05
2.284731931759172310e-05
2.184032966784155272e-05
2.121320343559642756e-05
2.099999999999999884e-05
2.121320343559642756e-05
2.184032966784155272e-05
2.284731931759172310e-05
2.418677324489564603e-05
2.580697580112787846e-05
2.765863337187865842e-05
2.969848480983499045e-05
3.189043743820394025e-05
3.420526275297413839e-05
3.661966684720110505e-05
3.498571136907179403e-05
3.244996147917590575e-05
2.999999999999999737e-05
2.765863337187865842e-05
2.545584412271570900e-05
2.343074902771995942e-05
2.163330765278393265e-05
2.012461179749810525e-05
1.897366596101027515e-05
1.824828759089465688e-05
1.799999999999999707e-05
1.824828759089465349e-05
1.897366596101026837e-05
2.012461179749810186e-05
2.163330765278393265e-05
2.343074902771995942e-05
2.545584412271570900e-05
2.765863337187865842e-05
2.999999999999999060e-05
3.244996147917590575e-05
3.498571136907179403e-05
3.354101966249684659e-05
3.088689042296099957e-05
2.830194339616980671e-05
2.580697580112787846e-05
2.343074902771995942e-05
2.121320343559642417e-05
1.920937271229854646e-05
1.749285568453589701e-05
1.615549442140351097e-05
1.529705854077835424e-05
1.499999999999999869e-05
1.529705854077835424e-05
1.615549442140351097e-05
1.749285568453589701e-05
1.920937271229854646e-05
2.121320343559642417e-05
2.343074902771995942e-05
2.580697580112787507e-05
2.830194339616980671e-05
3.088689042296099957e-05
3.354101966249684659e-05
3.231098884280702194e-05
2.954657340538831392e-05
2.683281572999747592e-05
2.418677324489564603e-05
2.163330765278393265e-05
1.920937271229854646e-05
1.697056274847714272e-05
1.500000000000000038e-05
1.341640786499873965e-05
1.236931687685298178e-05
1.200000000000000030e-05
1.236931687685298178e-05
1.341640786499873627e-05
1.499999999999999699e-05
1.697056274847714272e-05
1.920937271229854646e-05
2.163330765278393265e-05
2.418677324489564264e-05
2.683281572999746914e-05
2.954657340538831392e-05
3.231098884280702194e-05
3.132091952673165196e-05
2.846049894151541441e-05
2.563201123595258910e-05
2.284731931759172310e-05
2.012461179749810525e-05
1.749285568453589701e-05
1.500000000000000038e-05
1.272792206135785450e-05
1.081665382639196633e-05
9.486832980505137573e-06
8.999999999999998534e-06
9.486832980505134185e-06
1.081665382639196463e-05
1.272792206135785281e-05
1.500000000000000038e-05
1.749285568453589701e-05
2.012461179749810525e-05
2.284731931759171971e-05
2.563201123595258571e-05
2.846049894151541441e-05
3.132091952673165196e-05
3.059411708155670848e-05
2.765863337187866519e-05
2.473863375370596016e-05
2.184032966784155272e-05
1.897366596101027515e-05
1.615549442140351097e-05
1.341640786499873965e-05
1.081665382639196633e-05
8.485281374238571361e-06
6.708203932499370674e-06
6.000000000000000152e-06
6.708203932499368133e-06
8.485281374238567973e-06
1.081665382639196463e-05
1.341640786499873965e-05
1.615549442140351097e-05
1.897366596101027515e-05
2.184032966784154933e-05
2.473863375370595678e-05
2.765863337187866519e-05
3.059411708155670848e-05
3.014962686336266633e-05
2.716615541441224954e-05
2.418677324489564603e-05
2.121320343559642756e-05
1.824828759089465688e-05
1.529705854077835424e-05
1.236931687685298178e-05
9.486832980505137573e-06
6.708203932499370674e-06
4.242640687119288222e-06
3.000000000000001770e-06
4.242640687119285680e-06
6.708203932499367286e-06
9.486832980505134185e-06
1.236931687685298178e-05
1.529705854077835424e-05
1.824828759089465688e-05
2.121320343559642417e-05
2.418677324489564264e-05
2.716615541441224954e-05
3.014962686336266633e-05
2.999999999999999737e-05
2.699999999999999899e-05
2.399999999999999722e-05
2.099999999999999884e-05
1.799999999999999707e-05
1.499999999999999869e-05
1.200000000000000030e-05
8.999999999999998534e-06
6.000000000000000152e-06
3.000000000000001770e-06
0.000000000000000000e+00
2.999999999999998382e-06
5.999999999999996764e-06
8.999999999999995146e-06
1.200000000000000030e-05
1.499999999999999869e-05
1.799999999999999707e-05
2.099999999999999545e-05
2.399999999999999383e-05
2.699999999999999899e-05
2.999999999999999737e-05
3.014962686336266633e-05
2.716615541441224954e-05
2.418677324489564603e-05
2.121320343559642756e-05
1.824828759089465349e-05
1.529705854077835424e-05
1.236931687685298178e-05
9.486832980505134185e-06
6.708203932499368133e-06
4.242640687119285680e-06
2.999999999999998382e-06
4.242640687119283139e-06
6.708203932499365592e-06
9.486832980505134185e-06
1.236931687685298178e-05
1.529705854077835424e-05
1.824828759089465349e-05
2.121320343559642417e-05
2.418677324489564264e-05
2.716615541441224954e-05
3.014962686336266633e-05
3.059411708155670848e-05
2.765863337187866519e-05
2.473863375370596016e-05
2.184032966784155272e-05
1.897366596101026837e-05
1.615549442140351097e-05
1.341640786499873627e-05
1.081665382639196463e-05
8.485281374238567973e-06
6.708203932499367286e-06
5.999999999999996764e-06
6.708203932499365592e-06
8.485281374238566279e-06
1.081665382639196294e-05
1.341640786499873627e-05
1.615549442140351097e-05
1.897366596101026837e-05
2.184032966784154933e-05
2.473863375370595678e-05
2.765863337187866519e-05
3.059411708155670848e-05
3.132091952673164519e-05
2.846049894151540764e-05
2.563201123595258910e-05
2.284731931759172310e-05
2.012461179749810186e-05
1.749285568453589701e-05
1.499999999999999699e-05
1.272792206135785281e-05
1.081665382639196463e-05
9.486832980505134185e-06
8.999999999999995146e-06
9.486832980505134185e-06
1.081665382639196294e-05
1.272792206135784942e-05
1.499999999999999699e-05
1.749285568453589701e-05
2.012461179749810186e-05
2.284731931759171971e-05
2.563201123595258571e-05
2.846049894151540764e-05
3.132091952673164519e-05
3.231098884280702194e-05
2.954657340538831392e-05
2.683281572999747592e-05
2.418677324489564603e-05
2.163330765278393265e-05
1.920937271229854646e-05
1.697056274847714272e-05
1.500000000000000038e-05
1.341640786499873965e-05
1.236931687685298178e-05
1.200000000000000030e-05
1.236931687685298178e-05
1.341640786499873627e-05
1.499999999999999699e-05
1.697056274847714272e-05
1.920937271229854646e-05
2.163330765278393265e-05
2.418677324489564264e-05
2.683281572999746914e-05
2.954657340538831392e-05
3.231098884280702194e-05
3.354101966249684659e-05
3.088689042296099957e-05
2.830194339616980671e-05
2.580697580112787846e-05
2.343074902771995942e-05
2.121320343559642417e-05
1.920937271229854646e-05
1.749285568453589701e-05
1.615549442140351097e-05
1.529705854077835424e-05
1.499999999999999869e-05
1.529705854077835424e-05
1.615549442140351097e-05
1.749285568453589701e-05
1.920937271229854646e-05
2.121320343559642417e-05
2.343074902771995942e-05
2.580697580112787507e-05
2.830194339616980671e-05
3.088689042296099957e-05
3.354101966249684659e-05
3.498571136907179403e-05
3.244996147917590575e-05
2.999999999999999737e-05
2.765863337187865842e-05
2.545584412271570900e-05
2.343074902771995942e-05
2.163330765278393265e-05
2.012461179749810525e-05
1.897366596101027515e-05
1.824828759089465688e-05
1.799999999999999707e-05
1.824828759089465349e-05
1.897366596101026837e-05
2.012461179749810186e-05
2.163330765278393265e-05
2.343074902771995942e-05
2.545584412271570900e-05
2.765863337187865842e-05
2.999999999999999060e-05
3.244996147917590575e-05
3.498571136907179403e-05
3.661966684720110505e-05
3.420526275297413839e-05
3.189043743820394025e-05
2.969848480983499045e-05
2.765863337187865842e-05
2.580697580112787507e-05
2.418677324489564264e-05
2.284731931759171971e-05
2.184032966784154933e-05
2.121320343559642417e-05
2.099999999999999545e-05
2.121320343559642417e-05
2.184032966784154933e-05
2.284731931759171971e-05
2.418677324489564264e-05
2.580697580112787507e-05
2.765863337187865842e-05
2.969848480983499045e-05
3.189043743820394025e-05
3.420526275297413839e-05
3.661966684720110505e-05
3.841874542459708614e-05
3.612478373637688519e-05
3.394112549695427189e-05
3.189043743820394025e-05
2.999999999999999060e-05
2.830194339616980671e-05
2.683281572999746914e-05
2.563201123595258571e-05
2.473863375370595678e-05
2.418677324489564264e-05
2.399999999999999383e-05
2.418677324489564264e-05
2.473863375370595678e-05
2.563201123595258571e-05
2.683281572999746914e-05
2.830194339616980671e-05
2.999999999999999060e-05
3.189043743820394025e-05
3.394112549695427189e-05
3.612478373637688519e-05
3.841874542459708614e-05
4.036087214122113293e-05
3.818376618407356689e-05
3.612478373637688519e-05
3.420526275297413839e-05
3.244996147917590575e-05
3.088689042296099957e-05
2.954657340538831392e-05
2.846049894151541441e-05
2.765863337187866519e-05
2.716615541441224954e-05
2.699999999999999899e-05
2.716615541441224954e-05
2.765863337187866519e-05
2.846049894151540764e-05
2.954657340538831392e-05
3.088689042296099957e-05
3.244996147917590575e-05
3.420526275297413839e-05
3.612478373637688519e-05
3.818376618407356689e-05
4.036087214122113293e-05
4.242640687119284833e-05
4.036087214122113293e-05
3.841874542459709291e-05
3.661966684720110505e-05
3.498571136907179403e-05
3.354101966249684659e-05
3.231098884280702194e-05
3.132091952673165196e-05
3.059411708155670848e-05
3.014962686336266633e-05
2.999999999999999737e-05
3.014962686336266633e-05
3.059411708155670848e-05
3.132091952673164519e-05
3.231098884280702194e-05
3.354101966249684659e-05
3.498571136907179403e-05
3.661966684720110505e-05
3.841874542459708614e-05
4.036087214122113293e-05
4.242640687119284833e-05
