242.205758, 15.513111504936116
242.2900737894737, 15.88119168729422
242.37438957894736, 16.050122850439816
242.45870536842105, 16.095293623253987
242.54302115789474, 16.124786503488558
242.6273369473684, 16.153399523381616
242.7116527368421, 16.11408453261007
242.7959685263158, 16.081169380673977
242.88028431578945, 16.04023177624571
242.96460010526314, 15.981795690745974
243.04891589473687, 15.97310517869423
243.13323168421053, 15.92497916334328
243.21754747368422, 15.903375235485782
243.3018632631579, 15.833492144020711
243.38617905263158, 15.848618973739761
243.47049484210527, 15.741441927072051
243.55481063157896, 15.59327303573211
243.63912642105262, 15.462960472087959
243.72344221052631, 15.424914999395183
243.807758, 15.546245866426764
